15848
5205
12568
1805
13925
4811
6263
8140
3078
359
13942
17652
7638
16846
8891
18218
13522
19074
7940
5142
4615
1715
19766
13977
7883
6919
8095
15499
10147
10363
17661
2449
15974
5600
18267
8381
13238
3940
4019
6573
18831
18640
3731
12698
14291
18664
11671
1554
11557
14944
4582
15562
9683
7939
17924
4220
13726
16278
5920
10964
6805
1006
5916
5157
1778
12752
2040
13239
1442
17430
11698
13078
9413
8759
7496
3784
19460
18459
3633
4496
8149
3467
19287
19376
19973
18465
5341
19363
751
8205
18069
10544
1574
8489
426
16314
6834
14360
16324
2890
15798
15352
7410
7607
4265
16978
8342
6102
1852
310
11017
727
9558
4886
6623
7230
15284
1623
971
5354
9316
2367
10659
4863
9217
17701
19831
1271
17018
4319
13738
18576
9078
15134
9780
7986
11068
12809
12826
60
7154
4061
19212
12962
14523
8989
14730
13284
7102
2917
9903
4729
8214
7288
13023
2857
14036
13394
16156
4469
2598
11847
10521
5420
2170
5597
9829
9245
15677
18975
14050
9003
38
1387
4851
8023
8397
4602
2744
3588
16055
8185
15017
12402
18606
11483
1001
19147
17277
19244
6299
12069
11079
248
12082
17620
11207
1956
10020
19307
2162
9985
10534
4662
4277
14080
15250
3392
9902
4923
6928
13517
3819
14961
19852
5202
1257
16341
6359
2443
9708
4293
15276
5228
8528
3811
7445
17460
12975
17707
3303
11382
13715
19768
1300
13258
7386
18621
19777
5963
12096
7748
12316
2512
12518
17143
6867
12376
15800
12965
11077
11269
8129
11156
15037
8756
18140
14882
5829
1658
13559
5937
18354
16625
1957
10261
9642
6403
614
16384
5831
18618
9325
8000
2670
1169
5051
15386
8089
8088
10143
15552
8068
19229
5968
781
59
2138
13529
11419
17045
17993
10095
237
18272
4654
1486
16725
402
16585
4723
13785
7142
19865
18522
9573
7914
12328
6009
4794
17394
15492
7885
389
8098
19818
13884
5603
7998
5749
16286
1390
6832
10644
10301
8286
19208
1403
18445
9405
18621
15368
14742
5920
5934
14269
16887
12290
14284
17062
911
10834
1819
7191
12695
4160
14889
921
15700
7841
14016
1188
17147
16458
5937
7090
557
10365
5362
13174
16558
14770
10816
8604
7061